0 0.207252 0.747924 0.134750 0.374760
0 0.295422 0.872196 0.161371 0.180584
0 0.292090 0.773164 0.171350 0.056312
0 0.327862 0.671224 0.186319 0.198064
0 0.337844 0.739184 0.099815 0.357280
0 0.248005 0.516852 0.106470 0.262136
0 0.278787 0.427536 0.138081 0.258256
0 0.382759 0.463456 0.123105 0.233008
0 0.460949 0.194524 0.173016 0.320392
0 0.485069 0.620736 0.211275 0.644656
0 0.576570 0.557632 0.098156 0.530096
0 0.653924 0.747924 0.126436 0.382520
0 0.783684 0.747920 0.126436 0.378640
0 0.660579 0.541128 0.109794 0.302912
0 0.771210 0.589668 0.108136 0.462136
0 0.713814 0.436272 0.053235 0.143696
0 0.638951 0.433360 0.179671 0.805824
