0 0.10390625 0.40625 0.171875 0.1640625
0 0.48046875 0.18671875 0.13046875 0.15
0 0.40390625 0.32578125 0.12578125 0.10078125
0 0.23828125 0.48828125 0.16953125 0.1671875
0 0.3359375 0.60703125 0.15859375 0.16015625
0 0.42578125 0.71796875 0.18984375 0.13984375
0 0.5859375 0.6640625 0.18203125 0.15
0 0.62578125 0.54921875 0.15859375 0.14296875
0 0.7984375 0.58046875 0.10546875 0.21953125
0 0.7203125 0.27578125 0.13359375 0.1953125
0 0.621875 0.465625 0.16171875 0.09453125
0 0.4625 0.4671875 0.1515625 0.12578125
0 0.36015625 0.45703125 0.0640625 0.17421875
0 0.8734375 0.659375 0.1515625 0.2234375